Processing particle_id_micro.c...
******************************************************************************
*Tree    :signal    : tree                                                   *
*Entries :    10000 : Total =         4036273 bytes  File  Size =    3016747 *
*        :          : Tree compression factor =   1.33                       *
******************************************************************************
*Br    0 :var1      : var1/D                                                 *
*Entries :    10000 : Total  Size=      80708 bytes  File Size  =      57409 *
*Baskets :        3 : Basket Size=      32000 bytes  Compression=   1.40     *
*............................................................................*
*Br    1 :var2      : var2/D                                                 *
*Entries :    10000 : Total  Size=      80708 bytes  File Size  =      67867 *
*Baskets :        3 : Basket Size=      32000 bytes  Compression=   1.18     *
*............................................................................*
*Br    2 :var3      : var3/D                                                 *
*Entries :    10000 : Total  Size=      80708 bytes  File Size  =      51144 *
*Baskets :        3 : Basket Size=      32000 bytes  Compression=   1.57     *
*............................................................................*
*Br    3 :var4      : var4/D                                                 *
*Entries :    10000 : Total  Size=      80708 bytes  File Size  =      66490 *
*Baskets :        3 : Basket Size=      32000 bytes  Compression=   1.21     *
*............................................................................*
*Br    4 :var5      : var5/D                                                 *
*Entries :    10000 : Total  Size=      80708 bytes  File Size  =      55948 *
*Baskets :        3 : Basket Size=      32000 bytes  Compression=   1.43     *
*............................................................................*
*Br    5 :var6      : var6/D                                                 *
*Entries :    10000 : Total  Size=      80708 bytes  File Size  =      60510 *
*Baskets :        3 : Basket Size=      32000 bytes  Compression=   1.33     *
*............................................................................*
*Br    6 :var7      : var7/D                                                 *
*Entries :    10000 : Total  Size=      80708 bytes  File Size  =      61241 *
*Baskets :        3 : Basket Size=      32000 bytes  Compression=   1.31     *
*............................................................................*
*Br    7 :var8      : var8/D                                                 *
*Entries :    10000 : Total  Size=      80708 bytes  File Size  =      67359 *
*Baskets :        3 : Basket Size=      32000 bytes  Compression=   1.19     *
*............................................................................*
*Br    8 :var9      : var9/D                                                 *
*Entries :    10000 : Total  Size=      80708 bytes  File Size  =      55546 *
*Baskets :        3 : Basket Size=      32000 bytes  Compression=   1.44     *
*............................................................................*
*Br    9 :var10     : var10/D                                                *
*Entries :    10000 : Total  Size=      80715 bytes  File Size  =      66944 *
*Baskets :        3 : Basket Size=      32000 bytes  Compression=   1.20     *
*............................................................................*
*Br   10 :var11     : var11/D                                                *
*Entries :    10000 : Total  Size=      80715 bytes  File Size  =      55496 *
*Baskets :        3 : Basket Size=      32000 bytes  Compression=   1.45     *
*............................................................................*
*Br   11 :var12     : var12/D                                                *
*Entries :    10000 : Total  Size=      80715 bytes  File Size  =      49341 *
*Baskets :        3 : Basket Size=      32000 bytes  Compression=   1.63     *
*............................................................................*
*Br   12 :var13     : var13/D                                                *
*Entries :    10000 : Total  Size=      80715 bytes  File Size  =      69287 *
*Baskets :        3 : Basket Size=      32000 bytes  Compression=   1.16     *
*............................................................................*
*Br   13 :var14     : var14/D                                                *
*Entries :    10000 : Total  Size=      80715 bytes  File Size  =      67629 *
*Baskets :        3 : Basket Size=      32000 bytes  Compression=   1.19     *
*............................................................................*
*Br   14 :var15     : var15/D                                                *
*Entries :    10000 : Total  Size=      80715 bytes  File Size  =      58249 *
*Baskets :        3 : Basket Size=      32000 bytes  Compression=   1.38     *
*............................................................................*
*Br   15 :var16     : var16/D                                                *
*Entries :    10000 : Total  Size=      80715 bytes  File Size  =      40325 *
*Baskets :        3 : Basket Size=      32000 bytes  Compression=   1.99     *
*............................................................................*
*Br   16 :var17     : var17/D                                                *
*Entries :    10000 : Total  Size=      80715 bytes  File Size  =      67838 *
*Baskets :        3 : Basket Size=      32000 bytes  Compression=   1.18     *
*............................................................................*
*Br   17 :var18     : var18/D                                                *
*Entries :    10000 : Total  Size=      80715 bytes  File Size  =      55831 *
*Baskets :        3 : Basket Size=      32000 bytes  Compression=   1.44     *
*............................................................................*
*Br   18 :var19     : var19/D                                                *
*Entries :    10000 : Total  Size=      80715 bytes  File Size  =      64285 *
*Baskets :        3 : Basket Size=      32000 bytes  Compression=   1.25     *
*............................................................................*
*Br   19 :var20     : var20/D                                                *
*Entries :    10000 : Total  Size=      80715 bytes  File Size  =      65861 *
*Baskets :        3 : Basket Size=      32000 bytes  Compression=   1.22     *
*............................................................................*
*Br   20 :var21     : var21/D                                                *
*Entries :    10000 : Total  Size=      80715 bytes  File Size  =      68423 *
*Baskets :        3 : Basket Size=      32000 bytes  Compression=   1.17     *
*............................................................................*
*Br   21 :var22     : var22/D                                                *
*Entries :    10000 : Total  Size=      80715 bytes  File Size  =      63974 *
*Baskets :        3 : Basket Size=      32000 bytes  Compression=   1.25     *
*............................................................................*
*Br   22 :var23     : var23/D                                                *
*Entries :    10000 : Total  Size=      80715 bytes  File Size  =      45290 *
*Baskets :        3 : Basket Size=      32000 bytes  Compression=   1.77     *
*............................................................................*
*Br   23 :var24     : var24/D                                                *
*Entries :    10000 : Total  Size=      80715 bytes  File Size  =      58290 *
*Baskets :        3 : Basket Size=      32000 bytes  Compression=   1.38     *
*............................................................................*
*Br   24 :var25     : var25/D                                                *
*Entries :    10000 : Total  Size=      80715 bytes  File Size  =      65316 *
*Baskets :        3 : Basket Size=      32000 bytes  Compression=   1.23     *
*............................................................................*
*Br   25 :var26     : var26/D                                                *
*Entries :    10000 : Total  Size=      80715 bytes  File Size  =      69346 *
*Baskets :        3 : Basket Size=      32000 bytes  Compression=   1.16     *
*............................................................................*
*Br   26 :var27     : var27/D                                                *
*Entries :    10000 : Total  Size=      80715 bytes  File Size  =      51374 *
*Baskets :        3 : Basket Size=      32000 bytes  Compression=   1.56     *
*............................................................................*
*Br   27 :var28     : var28/D                                                *
*Entries :    10000 : Total  Size=      80715 bytes  File Size  =      54799 *
*Baskets :        3 : Basket Size=      32000 bytes  Compression=   1.46     *
*............................................................................*
*Br   28 :var29     : var29/D                                                *
*Entries :    10000 : Total  Size=      80715 bytes  File Size  =      66542 *
*Baskets :        3 : Basket Size=      32000 bytes  Compression=   1.21     *
*............................................................................*
*Br   29 :var30     : var30/D                                                *
*Entries :    10000 : Total  Size=      80715 bytes  File Size  =      69019 *
*Baskets :        3 : Basket Size=      32000 bytes  Compression=   1.16     *
*............................................................................*
*Br   30 :var31     : var31/D                                                *
*Entries :    10000 : Total  Size=      80715 bytes  File Size  =      58204 *
*Baskets :        3 : Basket Size=      32000 bytes  Compression=   1.38     *
*............................................................................*
*Br   31 :var32     : var32/D                                                *
*Entries :    10000 : Total  Size=      80715 bytes  File Size  =      58699 *
*Baskets :        3 : Basket Size=      32000 bytes  Compression=   1.37     *
*............................................................................*
*Br   32 :var33     : var33/D                                                *
*Entries :    10000 : Total  Size=      80715 bytes  File Size  =      67898 *
*Baskets :        3 : Basket Size=      32000 bytes  Compression=   1.18     *
*............................................................................*
*Br   33 :var34     : var34/D                                                *
*Entries :    10000 : Total  Size=      80715 bytes  File Size  =      37852 *
*Baskets :        3 : Basket Size=      32000 bytes  Compression=   2.12     *
*............................................................................*
*Br   34 :var35     : var35/D                                                *
*Entries :    10000 : Total  Size=      80715 bytes  File Size  =      67008 *
*Baskets :        3 : Basket Size=      32000 bytes  Compression=   1.20     *
*............................................................................*
*Br   35 :var36     : var36/D                                                *
*Entries :    10000 : Total  Size=      80715 bytes  File Size  =      66762 *
*Baskets :        3 : Basket Size=      32000 bytes  Compression=   1.20     *
*............................................................................*
*Br   36 :var37     : var37/D                                                *
*Entries :    10000 : Total  Size=      80715 bytes  File Size  =      68367 *
*Baskets :        3 : Basket Size=      32000 bytes  Compression=   1.17     *
*............................................................................*
*Br   37 :var38     : var38/D                                                *
*Entries :    10000 : Total  Size=      80715 bytes  File Size  =      58467 *
*Baskets :        3 : Basket Size=      32000 bytes  Compression=   1.37     *
*............................................................................*
*Br   38 :var39     : var39/D                                                *
*Entries :    10000 : Total  Size=      80715 bytes  File Size  =      57991 *
*Baskets :        3 : Basket Size=      32000 bytes  Compression=   1.38     *
*............................................................................*
*Br   39 :var40     : var40/D                                                *
*Entries :    10000 : Total  Size=      80715 bytes  File Size  =      66736 *
*Baskets :        3 : Basket Size=      32000 bytes  Compression=   1.20     *
*............................................................................*
*Br   40 :var41     : var41/D                                                *
*Entries :    10000 : Total  Size=      80715 bytes  File Size  =      39789 *
*Baskets :        3 : Basket Size=      32000 bytes  Compression=   2.02     *
*............................................................................*
*Br   41 :var42     : var42/D                                                *
*Entries :    10000 : Total  Size=      80715 bytes  File Size  =      56882 *
*Baskets :        3 : Basket Size=      32000 bytes  Compression=   1.41     *
*............................................................................*
*Br   42 :var43     : var43/D                                                *
*Entries :    10000 : Total  Size=      80715 bytes  File Size  =      69367 *
*Baskets :        3 : Basket Size=      32000 bytes  Compression=   1.16     *
*............................................................................*
*Br   43 :var44     : var44/D                                                *
*Entries :    10000 : Total  Size=      80715 bytes  File Size  =      59293 *
*Baskets :        3 : Basket Size=      32000 bytes  Compression=   1.35     *
*............................................................................*
*Br   44 :var45     : var45/D                                                *
*Entries :    10000 : Total  Size=      80715 bytes  File Size  =      27472 *
*Baskets :        3 : Basket Size=      32000 bytes  Compression=   2.92     *
*............................................................................*
*Br   45 :var46     : var46/D                                                *
*Entries :    10000 : Total  Size=      80715 bytes  File Size  =      66936 *
*Baskets :        3 : Basket Size=      32000 bytes  Compression=   1.20     *
*............................................................................*
*Br   46 :var47     : var47/D                                                *
*Entries :    10000 : Total  Size=      80715 bytes  File Size  =      68997 *
*Baskets :        3 : Basket Size=      32000 bytes  Compression=   1.16     *
*............................................................................*
*Br   47 :var48     : var48/D                                                *
*Entries :    10000 : Total  Size=      80715 bytes  File Size  =      64499 *
*Baskets :        3 : Basket Size=      32000 bytes  Compression=   1.24     *
*............................................................................*
*Br   48 :var49     : var49/D                                                *
*Entries :    10000 : Total  Size=      80715 bytes  File Size  =      68698 *
*Baskets :        3 : Basket Size=      32000 bytes  Compression=   1.17     *
*............................................................................*
*Br   49 :var50     : var50/D                                                *
*Entries :    10000 : Total  Size=      80715 bytes  File Size  =      66667 *
*Baskets :        3 : Basket Size=      32000 bytes  Compression=   1.20     *
*............................................................................*
DataSetInfo              : [dataset_micro] : Added class "Signal"
                         : Add Tree signal of type Signal with 10000 events
DataSetInfo              : [dataset_micro] : Added class "Background"
                         : Add Tree background of type Background with 10000 events
Factory                  : Booking method: ←[1mFisher←[0m
                         :
Fisher                   : [dataset_micro] : Create Transformation "G" with events from all classes.
                         :
                         : Transformation, Variable selection :
                         : Input : variable 'var1' <---> Output : variable 'var1'
                         : Input : variable 'var2' <---> Output : variable 'var2'
                         : Input : variable 'var3' <---> Output : variable 'var3'
                         : Input : variable 'var4' <---> Output : variable 'var4'
                         : Input : variable 'var5' <---> Output : variable 'var5'
                         : Input : variable 'var6' <---> Output : variable 'var6'
                         : Input : variable 'var7' <---> Output : variable 'var7'
                         : Input : variable 'var8' <---> Output : variable 'var8'
                         : Input : variable 'var9' <---> Output : variable 'var9'
                         : Input : variable 'var10' <---> Output : variable 'var10'
                         : Input : variable 'var11' <---> Output : variable 'var11'
                         : Input : variable 'var12' <---> Output : variable 'var12'
                         : Input : variable 'var13' <---> Output : variable 'var13'
                         : Input : variable 'var14' <---> Output : variable 'var14'
                         : Input : variable 'var15' <---> Output : variable 'var15'
                         : Input : variable 'var16' <---> Output : variable 'var16'
                         : Input : variable 'var17' <---> Output : variable 'var17'
                         : Input : variable 'var18' <---> Output : variable 'var18'
                         : Input : variable 'var19' <---> Output : variable 'var19'
                         : Input : variable 'var20' <---> Output : variable 'var20'
                         : Input : variable 'var21' <---> Output : variable 'var21'
                         : Input : variable 'var22' <---> Output : variable 'var22'
                         : Input : variable 'var23' <---> Output : variable 'var23'
                         : Input : variable 'var24' <---> Output : variable 'var24'
                         : Input : variable 'var25' <---> Output : variable 'var25'
                         : Input : variable 'var26' <---> Output : variable 'var26'
                         : Input : variable 'var27' <---> Output : variable 'var27'
                         : Input : variable 'var28' <---> Output : variable 'var28'
                         : Input : variable 'var29' <---> Output : variable 'var29'
                         : Input : variable 'var30' <---> Output : variable 'var30'
                         : Input : variable 'var31' <---> Output : variable 'var31'
                         : Input : variable 'var32' <---> Output : variable 'var32'
                         : Input : variable 'var33' <---> Output : variable 'var33'
                         : Input : variable 'var34' <---> Output : variable 'var34'
                         : Input : variable 'var35' <---> Output : variable 'var35'
                         : Input : variable 'var36' <---> Output : variable 'var36'
                         : Input : variable 'var37' <---> Output : variable 'var37'
                         : Input : variable 'var38' <---> Output : variable 'var38'
                         : Input : variable 'var39' <---> Output : variable 'var39'
                         : Input : variable 'var40' <---> Output : variable 'var40'
                         : Input : variable 'var41' <---> Output : variable 'var41'
                         : Input : variable 'var42' <---> Output : variable 'var42'
                         : Input : variable 'var43' <---> Output : variable 'var43'
                         : Input : variable 'var44' <---> Output : variable 'var44'
                         : Input : variable 'var45' <---> Output : variable 'var45'
                         : Input : variable 'var46' <---> Output : variable 'var46'
                         : Input : variable 'var47' <---> Output : variable 'var47'
                         : Input : variable 'var48' <---> Output : variable 'var48'
                         : Input : variable 'var49' <---> Output : variable 'var49'
                         : Input : variable 'var50' <---> Output : variable 'var50'
Factory                  : Booking method: ←[1mBDT←[0m
                         :
                         : Rebuilding Dataset dataset_micro
                         : Building event vectors for type 2 Signal
                         : Dataset[dataset_micro] :  create input formulas for tree signal
                         : Building event vectors for type 2 Background
                         : Dataset[dataset_micro] :  create input formulas for tree background
DataSetFactory           : [dataset_micro] : Number of events in input trees
                         :
                         :
                         : Dataset[dataset_micro] : Weight renormalisation mode: "EqualNumEvents": renormalises all event classes ...
                         : Dataset[dataset_micro] :  such that the effective (weighted) number of events in each class is the same
                         : Dataset[dataset_micro] :  (and equals the number of events (entries) given for class=0 )
                         : Dataset[dataset_micro] : ... i.e. such that Sum[i=1..N_j]{w_i} = N_classA, j=classA, classB, ...
                         : Dataset[dataset_micro] : ... (note that N_j is the sum of TRAINING events
                         : Dataset[dataset_micro] :  ..... Testing events are not renormalised nor included in the renormalisation factor!)
                         : Number of training and testing events
                         : ---------------------------------------------------------------------------
                         : Signal     -- training events            : 7500
                         : Signal     -- testing events             : 2500
                         : Signal     -- training and testing events: 10000
                         : Background -- training events            : 7500
                         : Background -- testing events             : 2500
                         : Background -- training and testing events: 10000
                         :
DataSetInfo              : Correlation matrix (Signal):
                         : ------------------------------------------------------------------------------------------------------------------------------------------------------------------------------------------------------------------------------------------------------------------------------------------------------------------------------------------------------------------------------------------------------------------------
                         :             var1    var2    var3    var4    var5    var6    var7    var8    var9   var10   var11   var12   var13   var14   var15   var16   var17   var18   var19   var20   var21   var22   var23   var24   var25   var26   var27   var28   var29   var30   var31   var32   var33   var34   var35   var36   var37   var38   var39   var40   var41   var42   var43   var44   var45   var46   var47   var48   var49   var50
                         :    var1:  +1.000  +0.318  +0.025  +0.029  -0.153  -0.345  -0.328  -0.545  +0.062  -0.456  +0.096  -0.158  -0.471  +0.098  -0.311  -0.396  -0.531  +0.086  -0.312  +0.146  -0.208  -0.127  -0.240  -0.254  -0.307  -0.213  +0.283  +0.647  -0.208  +0.249  +0.530  +0.087  +0.176  +0.068  -0.528  -0.076  -0.594  +0.271  -0.061  +0.461  +0.176  +0.037  +0.080  -0.011  +0.187  +0.401  -0.079  +0.661  +0.631  +0.115
                         :    var2:  +0.318  +1.000  -0.239  -0.130  -0.461  -0.119  -0.126  -0.547  +0.265  +0.130  +0.237  +0.010  -0.669  -0.274  -0.609  -0.713  -0.691  -0.192  +0.195  +0.189  +0.132  -0.235  -0.613  +0.368  -0.266  +0.088  -0.118  +0.149  +0.026  -0.306  -0.122  +0.155  +0.117  +0.107  -0.152  +0.382  -0.065  +0.283  -0.482  -0.128  -0.518  -0.191  +0.524  +0.131  -0.073  -0.293  +0.281  +0.212  +0.379  -0.017
                         :    var3:  +0.025  -0.239  +1.000  +0.142  +0.158  -0.483  -0.048  +0.195  -0.154  -0.212  -0.170  -0.313  +0.122  +0.158  +0.358  +0.324  +0.235  +0.273  -0.159  -0.044  -0.163  +0.156  +0.362  -0.282  -0.019  +0.002  +0.257  +0.058  -0.022  +0.086  +0.188  -0.134  +0.141  +0.113  -0.036  -0.209  -0.052  +0.113  +0.099  +0.217  +0.157  -0.004  -0.111  -0.131  +0.039  +0.337  -0.169  +0.057  -0.070  -0.037
                         :    var4:  +0.029  -0.130  +0.142  +1.000  -0.143  -0.172  -0.306  -0.052  +0.005  -0.139  -0.321  -0.057  +0.017  -0.123  +0.105  +0.137  +0.059  +0.207  +0.131  -0.265  +0.133  +0.033  -0.003  -0.057  -0.096  +0.127  +0.222  +0.075  +0.339  -0.142  +0.274  -0.309  +0.134  +0.016  -0.033  -0.086  +0.017  +0.102  -0.022  -0.060  -0.024  -0.322  +0.050  -0.065  -0.061  +0.152  +0.125  +0.139  -0.050  -0.096
                         :    var5:  -0.153  -0.461  +0.158  -0.143  +1.000  +0.065  -0.002  +0.359  +0.092  -0.196  +0.334  +0.144  +0.382  +0.618  +0.488  +0.593  +0.552  +0.111  -0.212  -0.238  -0.351  -0.024  +0.549  -0.266  +0.087  -0.394  +0.146  -0.141  -0.006  +0.131  +0.023  -0.178  -0.072  -0.174  -0.051  -0.389  +0.104  -0.188  +0.471  +0.060  +0.537  +0.228  -0.484  +0.194  +0.395  +0.162  -0.610  -0.161  -0.190  -0.039
                         :    var6:  -0.345  -0.119  -0.483  -0.172  +0.065  +1.000  +0.204  +0.163  -0.052  +0.329  +0.063  +0.440  +0.235  -0.056  +0.012  +0.113  +0.210  -0.167  +0.052  -0.043  +0.141  +0.014  +0.023  +0.298  +0.179  +0.019  -0.253  -0.222  +0.003  +0.011  -0.258  +0.086  -0.297  -0.251  +0.204  +0.132  +0.142  -0.366  +0.140  -0.313  +0.082  +0.098  -0.172  +0.025  -0.047  -0.359  +0.020  -0.294  -0.217  +0.018
                         :    var7:  -0.328  -0.126  -0.048  -0.306  -0.002  +0.204  +1.000  +0.332  -0.046  +0.494  -0.050  -0.087  +0.235  -0.135  +0.108  +0.050  +0.130  -0.002  +0.117  +0.297  +0.141  +0.139  +0.080  +0.128  +0.123  +0.175  -0.193  -0.259  -0.089  +0.021  -0.345  +0.082  -0.027  +0.147  +0.403  +0.100  +0.206  -0.069  -0.077  -0.182  -0.149  +0.181  +0.023  -0.067  -0.097  -0.183  +0.007  -0.369  -0.208  -0.091
                         :    var8:  -0.545  -0.547  +0.195  -0.052  +0.359  +0.163  +0.332  +1.000  -0.334  +0.069  -0.307  -0.318  +0.579  +0.067  +0.724  +0.642  +0.673  +0.246  -0.147  -0.266  -0.058  +0.408  +0.591  -0.296  +0.185  +0.067  +0.010  -0.460  +0.206  -0.048  -0.307  -0.318  +0.049  +0.385  +0.422  -0.470  +0.362  -0.055  +0.298  -0.147  +0.063  +0.184  -0.228  -0.121  -0.015  +0.142  -0.249  -0.585  -0.447  -0.155
                         :    var9:  +0.062  +0.265  -0.154  +0.005  +0.092  -0.052  -0.046  -0.334  +1.000  +0.129  +0.627  +0.281  -0.254  +0.236  -0.475  -0.363  -0.383  +0.096  +0.679  -0.209  -0.143  -0.611  -0.376  +0.210  -0.262  -0.333  +0.162  -0.257  +0.322  -0.576  -0.181  -0.358  +0.321  -0.095  +0.065  +0.070  +0.377  +0.327  -0.173  -0.160  -0.378  -0.328  +0.133  +0.694  +0.280  -0.262  -0.215  -0.182  +0.099  -0.338
                         :   var10:  -0.456  +0.130  -0.212  -0.139  -0.196  +0.329  +0.494  +0.069  +0.129  +1.000  +0.012  +0.212  +0.118  -0.305  -0.177  -0.135  -0.019  -0.220  +0.382  +0.100  +0.364  -0.038  -0.251  +0.583  +0.133  +0.264  -0.321  -0.327  +0.098  -0.218  -0.428  +0.107  -0.209  -0.107  +0.445  +0.458  +0.344  -0.229  -0.219  -0.514  -0.342  -0.110  +0.197  +0.038  -0.195  -0.556  +0.263  -0.353  -0.245  -0.121
                         :   var11:  +0.096  +0.237  -0.170  -0.321  +0.334  +0.063  -0.050  -0.307  +0.627  +0.012  +1.000  +0.366  -0.144  +0.463  -0.342  -0.268  -0.260  -0.095  +0.210  -0.058  -0.351  -0.505  -0.213  +0.236  -0.088  -0.400  -0.029  -0.111  +0.020  -0.204  -0.225  +0.035  +0.009  -0.273  -0.121  +0.069  +0.094  +0.032  +0.069  -0.093  -0.013  -0.053  -0.100  +0.516  +0.333  -0.295  -0.338  -0.098  +0.072  -0.011
                         :   var12:  -0.158  +0.010  -0.313  -0.057  +0.144  +0.440  -0.087  -0.318  +0.281  +0.212  +0.366  +1.000  +0.036  +0.194  -0.272  +0.023  +0.069  -0.202  +0.159  -0.037  +0.011  -0.299  -0.141  +0.432  +0.048  -0.257  -0.127  -0.061  -0.049  -0.033  +0.018  +0.082  -0.299  -0.860  -0.036  +0.354  -0.000  -0.406  +0.168  -0.254  +0.229  -0.122  -0.244  +0.302  +0.124  -0.409  -0.031  -0.167  -0.119  +0.010
                         :   var13:  -0.471  -0.669  +0.122  +0.017  +0.382  +0.235  +0.235  +0.579  -0.254  +0.118  -0.144  +0.036  +1.000  +0.118  +0.483  +0.575  +0.621  +0.089  -0.076  -0.186  +0.010  +0.229  +0.450  -0.061  +0.277  +0.014  -0.083  -0.305  +0.053  +0.144  -0.191  -0.048  -0.233  -0.079  +0.249  -0.230  +0.212  -0.359  +0.395  -0.215  +0.337  +0.178  -0.414  -0.100  +0.035  -0.057  -0.187  -0.361  -0.421  +0.041
                         :   var14:  +0.098  -0.274  +0.158  -0.123  +0.618  -0.056  -0.135  +0.067  +0.236  -0.305  +0.463  +0.194  +0.118  +1.000  +0.277  +0.360  +0.249  +0.140  -0.211  -0.231  -0.752  -0.219  +0.420  -0.328  -0.035  -0.608  +0.355  -0.053  +0.058  -0.005  +0.216  -0.278  +0.162  -0.223  -0.157  -0.322  -0.006  +0.052  +0.411  +0.362  +0.382  -0.108  -0.372  +0.390  +0.457  +0.357  -0.666  -0.061  -0.099  -0.118
                         :   var15:  -0.311  -0.609  +0.358  +0.105  +0.488  +0.012  +0.108  +0.724  -0.475  -0.177  -0.342  -0.272  +0.483  +0.277  +1.000  +0.905  +0.834  +0.317  -0.393  -0.256  -0.238  +0.401  +0.843  -0.457  +0.147  -0.048  +0.169  -0.151  +0.113  +0.222  +0.079  -0.261  +0.047  +0.212  +0.118  -0.501  +0.078  -0.082  +0.438  +0.153  +0.386  +0.122  -0.332  -0.239  +0.100  +0.435  -0.368  -0.206  -0.297  -0.058
                         :   var16:  -0.396  -0.713  +0.324  +0.137  +0.593  +0.113  +0.050  +0.642  -0.363  -0.135  -0.268  +0.023  +0.575  +0.360  +0.905  +1.000  +0.953  +0.284  -0.298  -0.279  -0.237  +0.311  +0.874  -0.361  +0.194  -0.135  +0.175  -0.213  +0.077  +0.200  +0.117  -0.251  -0.077  -0.108  +0.140  -0.406  +0.126  -0.258  +0.527  +0.092  +0.523  +0.092  -0.486  -0.132  +0.158  +0.322  -0.408  -0.267  -0.391  -0.063
                         :   var17:  -0.531  -0.691  +0.235  +0.059  +0.552  +0.210  +0.130  +0.673  -0.383  -0.019  -0.260  +0.069  +0.621  +0.249  +0.834  +0.953  +1.000  +0.154  -0.215  -0.212  -0.116  +0.335  +0.819  -0.236  +0.280  -0.033  +0.004  -0.333  +0.020  +0.185  -0.062  -0.118  -0.178  -0.142  +0.256  -0.307  +0.223  -0.356  +0.463  -0.046  +0.456  +0.186  -0.455  -0.166  +0.054  +0.131  -0.302  -0.369  -0.461  +0.017
                         :   var18:  +0.086  -0.192  +0.273  +0.207  +0.111  -0.167  -0.002  +0.246  +0.096  -0.220  -0.095  -0.202  +0.089  +0.140  +0.317  +0.284  +0.154  +1.000  +0.095  -0.271  -0.106  -0.003  +0.282  -0.260  -0.352  -0.019  +0.387  +0.001  +0.201  -0.133  +0.106  -0.414  +0.421  +0.246  +0.018  -0.382  +0.073  +0.363  +0.146  +0.069  +0.041  -0.074  -0.128  +0.017  +0.065  +0.264  -0.285  -0.086  +0.033  -0.217
                         :   var19:  -0.312  +0.195  -0.159  +0.131  -0.212  +0.052  +0.117  -0.147  +0.679  +0.382  +0.210  +0.159  -0.076  -0.211  -0.393  -0.298  -0.215  +0.095  +1.000  -0.138  +0.285  -0.381  -0.397  +0.434  -0.147  +0.175  -0.094  -0.439  +0.337  -0.591  -0.439  -0.206  +0.174  +0.001  +0.319  +0.236  +0.558  +0.180  -0.319  -0.448  -0.601  -0.282  +0.245  +0.359  -0.113  -0.546  +0.197  -0.374  -0.073  -0.208
                         :   var20:  +0.146  +0.189  -0.044  -0.265  -0.238  -0.043  +0.297  -0.266  -0.209  +0.100  -0.058  -0.037  -0.186  -0.231  -0.256  -0.279  -0.212  -0.271  -0.138  +1.000  +0.168  +0.049  -0.151  +0.114  +0.142  +0.269  -0.226  +0.173  -0.624  +0.346  -0.026  +0.553  -0.205  -0.087  +0.053  +0.482  -0.220  -0.145  -0.412  +0.167  -0.043  +0.314  +0.233  -0.320  -0.261  -0.050  +0.244  +0.159  +0.086  +0.171
                         :   var21:  -0.208  +0.132  -0.163  +0.133  -0.351  +0.141  +0.141  -0.058  -0.143  +0.364  -0.351  +0.011  +0.010  -0.752  -0.238  -0.237  -0.116  -0.106  +0.285  +0.168  +1.000  +0.102  -0.392  +0.427  +0.058  +0.630  -0.380  +0.044  -0.065  +0.097  -0.215  +0.249  -0.293  +0.012  +0.106  +0.305  +0.057  -0.228  -0.242  -0.521  -0.162  +0.250  +0.218  -0.412  -0.477  -0.518  +0.533  +0.015  +0.025  +0.104
                         :   var22:  -0.127  -0.235  +0.156  +0.033  -0.024  +0.014  +0.139  +0.408  -0.611  -0.038  -0.505  -0.299  +0.229  -0.219  +0.401  +0.311  +0.335  -0.003  -0.381  +0.049  +0.102  +1.000  +0.296  -0.197  +0.122  +0.331  -0.149  +0.123  -0.041  +0.199  +0.183  +0.084  -0.118  +0.167  +0.120  -0.071  -0.188  -0.140  -0.019  +0.046  +0.077  +0.061  +0.037  -0.391  -0.074  +0.221  +0.257  -0.009  -0.130  +0.106
                         :   var23:  -0.240  -0.613  +0.362  -0.003  +0.549  +0.023  +0.080  +0.591  -0.376  -0.251  -0.213  -0.141  +0.450  +0.420  +0.843  +0.874  +0.819  +0.282  -0.397  -0.151  -0.392  +0.296  +1.000  -0.479  +0.198  -0.135  +0.209  -0.176  -0.080  +0.245  +0.117  -0.163  +0.001  +0.042  +0.112  -0.451  +0.065  -0.126  +0.435  +0.371  +0.480  +0.208  -0.415  -0.170  +0.179  +0.470  -0.511  -0.188  -0.316  -0.034
                         :   var24:  -0.254  +0.368  -0.282  -0.057  -0.266  +0.298  +0.128  -0.296  +0.210  +0.583  +0.236  +0.432  -0.061  -0.328  -0.457  -0.361  -0.236  -0.260  +0.434  +0.114  +0.427  -0.197  -0.479  +1.000  +0.044  +0.240  -0.395  -0.160  +0.033  -0.185  -0.443  +0.371  -0.369  -0.351  +0.171  +0.631  +0.186  -0.348  -0.275  -0.618  -0.298  -0.110  +0.199  +0.069  -0.188  -0.823  +0.347  -0.178  -0.075  +0.064
                         :   var25:  -0.307  -0.266  -0.019  -0.096  +0.087  +0.179  +0.123  +0.185  -0.262  +0.133  -0.088  +0.048  +0.277  -0.035  +0.147  +0.194  +0.280  -0.352  -0.147  +0.142  +0.058  +0.122  +0.198  +0.044  +1.000  +0.088  -0.249  -0.225  -0.194  +0.225  -0.221  +0.277  -0.320  -0.099  +0.154  +0.082  +0.108  -0.318  +0.117  -0.026  +0.138  +0.205  -0.128  -0.166  -0.085  -0.105  +0.026  -0.155  -0.300  +0.128
                         :   var26:  -0.213  +0.088  +0.002  +0.127  -0.394  +0.019  +0.175  +0.067  -0.333  +0.264  -0.400  -0.257  +0.014  -0.608  -0.048  -0.135  -0.033  -0.019  +0.175  +0.269  +0.630  +0.331  -0.135  +0.240  +0.088  +1.000  -0.295  +0.007  -0.160  +0.058  -0.215  +0.330  -0.162  +0.149  +0.181  +0.278  +0.023  -0.101  -0.316  -0.241  -0.217  +0.241  +0.260  -0.678  -0.708  -0.288  +0.550  +0.008  -0.019  +0.188
                         :   var27:  +0.283  -0.118  +0.257  +0.222  +0.146  -0.253  -0.193  +0.010  +0.162  -0.321  -0.029  -0.127  -0.083  +0.355  +0.169  +0.175  +0.004  +0.387  -0.094  -0.226  -0.380  -0.149  +0.209  -0.395  -0.249  -0.295  +1.000  +0.121  +0.154  -0.080  +0.351  -0.430  +0.445  +0.126  -0.184  -0.354  -0.078  +0.389  +0.200  +0.379  +0.128  -0.196  -0.116  +0.162  +0.256  +0.504  -0.377  +0.161  +0.114  -0.225
                         :   var28:  +0.647  +0.149  +0.058  +0.075  -0.141  -0.222  -0.259  -0.460  -0.257  -0.327  -0.111  -0.061  -0.305  -0.053  -0.151  -0.213  -0.333  +0.001  -0.439  +0.173  +0.044  +0.123  -0.176  -0.160  -0.225  +0.007  +0.121  +1.000  -0.237  +0.466  +0.731  +0.204  -0.054  -0.106  -0.509  +0.068  -0.825  +0.010  -0.034  +0.322  +0.355  -0.017  +0.028  -0.297  +0.040  +0.361  +0.131  +0.735  +0.477  +0.217
                         :   var29:  -0.208  +0.026  -0.022  +0.339  -0.006  +0.003  -0.089  +0.206  +0.322  +0.098  +0.020  -0.049  +0.053  +0.058  +0.113  +0.077  +0.020  +0.201  +0.337  -0.624  -0.065  -0.041  -0.080  +0.033  -0.194  -0.160  +0.154  -0.237  +1.000  -0.525  -0.057  -0.610  +0.248  +0.217  +0.143  -0.346  +0.322  +0.238  +0.144  -0.293  -0.327  -0.571  +0.106  +0.395  +0.187  -0.085  -0.028  -0.251  -0.081  -0.366
                         :   var30:  +0.249  -0.306  +0.086  -0.142  +0.131  +0.011  +0.021  -0.048  -0.576  -0.218  -0.204  -0.033  +0.144  -0.005  +0.222  +0.200  +0.185  -0.133  -0.591  +0.346  +0.097  +0.199  +0.245  -0.185  +0.225  +0.058  -0.080  +0.466  -0.525  +1.000  +0.324  +0.426  -0.368  -0.173  -0.295  -0.023  -0.546  -0.366  +0.249  +0.309  +0.621  +0.465  -0.348  -0.497  -0.024  +0.270  -0.045  +0.404  +0.152  +0.342
                         :   var31:  +0.530  -0.122  +0.188  +0.274  +0.023  -0.258  -0.345  -0.307  -0.181  -0.428  -0.225  +0.018  -0.191  +0.216  +0.079  +0.117  -0.062  +0.106  -0.439  -0.026  -0.215  +0.183  +0.117  -0.443  -0.221  -0.215  +0.351  +0.731  -0.057  +0.324  +1.000  -0.170  +0.099  -0.203  -0.431  -0.115  -0.627  +0.058  +0.126  +0.547  +0.411  -0.213  -0.089  -0.112  +0.196  +0.671  -0.029  +0.610  +0.316  -0.020
                         :   var32:  +0.087  +0.155  -0.134  -0.309  -0.178  +0.086  +0.082  -0.318  -0.358  +0.107  +0.035  +0.082  -0.048  -0.278  -0.261  -0.251  -0.118  -0.414  -0.206  +0.553  +0.249  +0.084  -0.163  +0.371  +0.277  +0.330  -0.430  +0.204  -0.610  +0.426  -0.170  +1.000  -0.488  -0.222  -0.106  +0.480  -0.266  -0.399  -0.247  -0.039  +0.107  +0.418  +0.140  -0.414  -0.303  -0.331  +0.376  +0.213  +0.047  +0.590
                         :   var33:  +0.176  +0.117  +0.141  +0.134  -0.072  -0.297  -0.027  +0.049  +0.321  -0.209  +0.009  -0.299  -0.233  +0.162  +0.047  -0.077  -0.178  +0.421  +0.174  -0.205  -0.293  -0.118  +0.001  -0.369  -0.320  -0.162  +0.445  -0.054  +0.248  -0.368  +0.099  -0.488  +1.000  +0.404  +0.023  -0.298  +0.135  +0.877  -0.096  +0.276  -0.308  -0.277  +0.152  +0.264  +0.149  +0.398  -0.223  -0.030  +0.116  -0.331
                         :   var34:  +0.068  +0.107  +0.113  +0.016  -0.174  -0.251  +0.147  +0.385  -0.095  -0.107  -0.273  -0.860  -0.079  -0.223  +0.212  -0.108  -0.142  +0.246  +0.001  -0.087  +0.012  +0.167  +0.042  -0.351  -0.099  +0.149  +0.126  -0.106  +0.217  -0.173  -0.203  -0.222  +0.404  +1.000  +0.148  -0.391  +0.173  +0.523  -0.203  +0.090  -0.435  +0.049  +0.319  -0.106  -0.066  +0.282  +0.005  -0.010  +0.084  -0.129
                         :   var35:  -0.528  -0.152  -0.036  -0.033  -0.051  +0.204  +0.403  +0.422  +0.065  +0.445  -0.121  -0.036  +0.249  -0.157  +0.118  +0.140  +0.256  +0.018  +0.319  +0.053  +0.106  +0.120  +0.112  +0.171  +0.154  +0.181  -0.184  -0.509  +0.143  -0.295  -0.431  -0.106  +0.023  +0.148  +1.000  +0.199  +0.479  -0.034  -0.224  -0.282  -0.376  -0.093  +0.191  +0.065  -0.126  -0.247  +0.072  -0.578  -0.391  -0.263
                         :   var36:  -0.076  +0.382  -0.209  -0.086  -0.389  +0.132  +0.100  -0.470  +0.070  +0.458  +0.069  +0.354  -0.230  -0.322  -0.501  -0.406  -0.307  -0.382  +0.236  +0.482  +0.305  -0.071  -0.451  +0.631  +0.082  +0.278  -0.354  +0.068  -0.346  -0.023  -0.115  +0.480  -0.298  -0.391  +0.199  +1.000  -0.035  -0.265  -0.539  -0.241  -0.293  -0.185  +0.387  -0.074  -0.248  -0.474  +0.478  +0.032  +0.003  -0.061
