Processing particle_id_mega.c...
******************************************************************************
*Tree    :signal    : tree                                                   *
*Entries :    18250 : Total =         7343655 bytes  File  Size =    5468291 *
*        :          : Tree compression factor =   1.34                       *
******************************************************************************
*Br    0 :var1      : var1/D                                                 *
*Entries :    18250 : Total  Size=     146854 bytes  File Size  =     103686 *
*Baskets :        5 : Basket Size=      32000 bytes  Compression=   1.41     *
*............................................................................*
*Br    1 :var2      : var2/D                                                 *
*Entries :    18250 : Total  Size=     146854 bytes  File Size  =     122790 *
*Baskets :        5 : Basket Size=      32000 bytes  Compression=   1.19     *
*............................................................................*
*Br    2 :var3      : var3/D                                                 *
*Entries :    18250 : Total  Size=     146854 bytes  File Size  =      92759 *
*Baskets :        5 : Basket Size=      32000 bytes  Compression=   1.58     *
*............................................................................*
*Br    3 :var4      : var4/D                                                 *
*Entries :    18250 : Total  Size=     146854 bytes  File Size  =     120702 *
*Baskets :        5 : Basket Size=      32000 bytes  Compression=   1.21     *
*............................................................................*
*Br    4 :var5      : var5/D                                                 *
*Entries :    18250 : Total  Size=     146854 bytes  File Size  =     101220 *
*Baskets :        5 : Basket Size=      32000 bytes  Compression=   1.45     *
*............................................................................*
*Br    5 :var6      : var6/D                                                 *
*Entries :    18250 : Total  Size=     146854 bytes  File Size  =     109763 *
*Baskets :        5 : Basket Size=      32000 bytes  Compression=   1.33     *
*............................................................................*
*Br    6 :var7      : var7/D                                                 *
*Entries :    18250 : Total  Size=     146854 bytes  File Size  =     111176 *
*Baskets :        5 : Basket Size=      32000 bytes  Compression=   1.32     *
*............................................................................*
*Br    7 :var8      : var8/D                                                 *
*Entries :    18250 : Total  Size=     146854 bytes  File Size  =     122397 *
*Baskets :        5 : Basket Size=      32000 bytes  Compression=   1.20     *
*............................................................................*
*Br    8 :var9      : var9/D                                                 *
*Entries :    18250 : Total  Size=     146854 bytes  File Size  =     100404 *
*Baskets :        5 : Basket Size=      32000 bytes  Compression=   1.46     *
*............................................................................*
*Br    9 :var10     : var10/D                                                *
*Entries :    18250 : Total  Size=     146863 bytes  File Size  =     121167 *
*Baskets :        5 : Basket Size=      32000 bytes  Compression=   1.21     *
*............................................................................*
*Br   10 :var11     : var11/D                                                *
*Entries :    18250 : Total  Size=     146863 bytes  File Size  =     100278 *
*Baskets :        5 : Basket Size=      32000 bytes  Compression=   1.46     *
*............................................................................*
*Br   11 :var12     : var12/D                                                *
*Entries :    18250 : Total  Size=     146863 bytes  File Size  =      89730 *
*Baskets :        5 : Basket Size=      32000 bytes  Compression=   1.63     *
*............................................................................*
*Br   12 :var13     : var13/D                                                *
*Entries :    18250 : Total  Size=     146863 bytes  File Size  =     125716 *
*Baskets :        5 : Basket Size=      32000 bytes  Compression=   1.16     *
*............................................................................*
*Br   13 :var14     : var14/D                                                *
*Entries :    18250 : Total  Size=     146863 bytes  File Size  =     122708 *
*Baskets :        5 : Basket Size=      32000 bytes  Compression=   1.19     *
*............................................................................*
*Br   14 :var15     : var15/D                                                *
*Entries :    18250 : Total  Size=     146863 bytes  File Size  =     105468 *
*Baskets :        5 : Basket Size=      32000 bytes  Compression=   1.39     *
*............................................................................*
*Br   15 :var16     : var16/D                                                *
*Entries :    18250 : Total  Size=     146863 bytes  File Size  =      73384 *
*Baskets :        5 : Basket Size=      32000 bytes  Compression=   1.99     *
*............................................................................*
*Br   16 :var17     : var17/D                                                *
*Entries :    18250 : Total  Size=     146863 bytes  File Size  =     123051 *
*Baskets :        5 : Basket Size=      32000 bytes  Compression=   1.19     *
*............................................................................*
*Br   17 :var18     : var18/D                                                *
*Entries :    18250 : Total  Size=     146863 bytes  File Size  =     101080 *
*Baskets :        5 : Basket Size=      32000 bytes  Compression=   1.45     *
*............................................................................*
*Br   18 :var19     : var19/D                                                *
*Entries :    18250 : Total  Size=     146863 bytes  File Size  =     116908 *
*Baskets :        5 : Basket Size=      32000 bytes  Compression=   1.25     *
*............................................................................*
*Br   19 :var20     : var20/D                                                *
*Entries :    18250 : Total  Size=     146863 bytes  File Size  =     120039 *
*Baskets :        5 : Basket Size=      32000 bytes  Compression=   1.22     *
*............................................................................*
*Br   20 :var21     : var21/D                                                *
*Entries :    18250 : Total  Size=     146863 bytes  File Size  =     124342 *
*Baskets :        5 : Basket Size=      32000 bytes  Compression=   1.18     *
*............................................................................*
*Br   21 :var22     : var22/D                                                *
*Entries :    18250 : Total  Size=     146863 bytes  File Size  =     115738 *
*Baskets :        5 : Basket Size=      32000 bytes  Compression=   1.26     *
*............................................................................*
*Br   22 :var23     : var23/D                                                *
*Entries :    18250 : Total  Size=     146863 bytes  File Size  =      82060 *
*Baskets :        5 : Basket Size=      32000 bytes  Compression=   1.78     *
*............................................................................*
*Br   23 :var24     : var24/D                                                *
*Entries :    18250 : Total  Size=     146863 bytes  File Size  =     105210 *
*Baskets :        5 : Basket Size=      32000 bytes  Compression=   1.39     *
*............................................................................*
*Br   24 :var25     : var25/D                                                *
*Entries :    18250 : Total  Size=     146863 bytes  File Size  =     118600 *
*Baskets :        5 : Basket Size=      32000 bytes  Compression=   1.23     *
*............................................................................*
*Br   25 :var26     : var26/D                                                *
*Entries :    18250 : Total  Size=     146863 bytes  File Size  =     125844 *
*Baskets :        5 : Basket Size=      32000 bytes  Compression=   1.16     *
*............................................................................*
*Br   26 :var27     : var27/D                                                *
*Entries :    18250 : Total  Size=     146863 bytes  File Size  =      93144 *
*Baskets :        5 : Basket Size=      32000 bytes  Compression=   1.57     *
*............................................................................*
*Br   27 :var28     : var28/D                                                *
*Entries :    18250 : Total  Size=     146863 bytes  File Size  =      99088 *
*Baskets :        5 : Basket Size=      32000 bytes  Compression=   1.48     *
*............................................................................*
*Br   28 :var29     : var29/D                                                *
*Entries :    18250 : Total  Size=     146863 bytes  File Size  =     121221 *
*Baskets :        5 : Basket Size=      32000 bytes  Compression=   1.21     *
*............................................................................*
*Br   29 :var30     : var30/D                                                *
*Entries :    18250 : Total  Size=     146863 bytes  File Size  =     125200 *
*Baskets :        5 : Basket Size=      32000 bytes  Compression=   1.17     *
*............................................................................*
*Br   30 :var31     : var31/D                                                *
*Entries :    18250 : Total  Size=     146863 bytes  File Size  =     105244 *
*Baskets :        5 : Basket Size=      32000 bytes  Compression=   1.39     *
*............................................................................*
*Br   31 :var32     : var32/D                                                *
*Entries :    18250 : Total  Size=     146863 bytes  File Size  =     106435 *
*Baskets :        5 : Basket Size=      32000 bytes  Compression=   1.38     *
*............................................................................*
*Br   32 :var33     : var33/D                                                *
*Entries :    18250 : Total  Size=     146863 bytes  File Size  =     123337 *
*Baskets :        5 : Basket Size=      32000 bytes  Compression=   1.19     *
*............................................................................*
*Br   33 :var34     : var34/D                                                *
*Entries :    18250 : Total  Size=     146863 bytes  File Size  =      68852 *
*Baskets :        5 : Basket Size=      32000 bytes  Compression=   2.13     *
*............................................................................*
*Br   34 :var35     : var35/D                                                *
*Entries :    18250 : Total  Size=     146863 bytes  File Size  =     121704 *
*Baskets :        5 : Basket Size=      32000 bytes  Compression=   1.20     *
*............................................................................*
*Br   35 :var36     : var36/D                                                *
*Entries :    18250 : Total  Size=     146863 bytes  File Size  =     121038 *
*Baskets :        5 : Basket Size=      32000 bytes  Compression=   1.21     *
*............................................................................*
*Br   36 :var37     : var37/D                                                *
*Entries :    18250 : Total  Size=     146863 bytes  File Size  =     124158 *
*Baskets :        5 : Basket Size=      32000 bytes  Compression=   1.18     *
*............................................................................*
*Br   37 :var38     : var38/D                                                *
*Entries :    18250 : Total  Size=     146863 bytes  File Size  =     105855 *
*Baskets :        5 : Basket Size=      32000 bytes  Compression=   1.38     *
*............................................................................*
*Br   38 :var39     : var39/D                                                *
*Entries :    18250 : Total  Size=     146863 bytes  File Size  =     104867 *
*Baskets :        5 : Basket Size=      32000 bytes  Compression=   1.40     *
*............................................................................*
*Br   39 :var40     : var40/D                                                *
*Entries :    18250 : Total  Size=     146863 bytes  File Size  =     120967 *
*Baskets :        5 : Basket Size=      32000 bytes  Compression=   1.21     *
*............................................................................*
*Br   40 :var41     : var41/D                                                *
*Entries :    18250 : Total  Size=     146863 bytes  File Size  =      72146 *
*Baskets :        5 : Basket Size=      32000 bytes  Compression=   2.03     *
*............................................................................*
*Br   41 :var42     : var42/D                                                *
*Entries :    18250 : Total  Size=     146863 bytes  File Size  =     103005 *
*Baskets :        5 : Basket Size=      32000 bytes  Compression=   1.42     *
*............................................................................*
*Br   42 :var43     : var43/D                                                *
*Entries :    18250 : Total  Size=     146863 bytes  File Size  =     125828 *
*Baskets :        5 : Basket Size=      32000 bytes  Compression=   1.16     *
*............................................................................*
*Br   43 :var44     : var44/D                                                *
*Entries :    18250 : Total  Size=     146863 bytes  File Size  =     107012 *
*Baskets :        5 : Basket Size=      32000 bytes  Compression=   1.37     *
*............................................................................*
*Br   44 :var45     : var45/D                                                *
*Entries :    18250 : Total  Size=     146863 bytes  File Size  =      50035 *
*Baskets :        5 : Basket Size=      32000 bytes  Compression=   2.93     *
*............................................................................*
*Br   45 :var46     : var46/D                                                *
*Entries :    18250 : Total  Size=     146863 bytes  File Size  =     121378 *
*Baskets :        5 : Basket Size=      32000 bytes  Compression=   1.21     *
*............................................................................*
*Br   46 :var47     : var47/D                                                *
*Entries :    18250 : Total  Size=     146863 bytes  File Size  =     125167 *
*Baskets :        5 : Basket Size=      32000 bytes  Compression=   1.17     *
*............................................................................*
*Br   47 :var48     : var48/D                                                *
*Entries :    18250 : Total  Size=     146863 bytes  File Size  =     116760 *
*Baskets :        5 : Basket Size=      32000 bytes  Compression=   1.25     *
*............................................................................*
*Br   48 :var49     : var49/D                                                *
*Entries :    18250 : Total  Size=     146863 bytes  File Size  =     124745 *
*Baskets :        5 : Basket Size=      32000 bytes  Compression=   1.17     *
*............................................................................*
*Br   49 :var50     : var50/D                                                *
*Entries :    18250 : Total  Size=     146863 bytes  File Size  =     120895 *
*Baskets :        5 : Basket Size=      32000 bytes  Compression=   1.21     *
*............................................................................*
DataSetInfo              : [dataset_mega] : Added class "Signal"
                         : Add Tree signal of type Signal with 18250 events
DataSetInfo              : [dataset_mega] : Added class "Background"
                         : Add Tree background of type Background with 46783 events
Factory                  : Booking method: ←[1mFisher←[0m
                         :
Fisher                   : [dataset_mega] : Create Transformation "G" with events from all classes.
                         :
                         : Transformation, Variable selection :
                         : Input : variable 'var1' <---> Output : variable 'var1'
                         : Input : variable 'var2' <---> Output : variable 'var2'
                         : Input : variable 'var3' <---> Output : variable 'var3'
                         : Input : variable 'var4' <---> Output : variable 'var4'
                         : Input : variable 'var5' <---> Output : variable 'var5'
                         : Input : variable 'var6' <---> Output : variable 'var6'
                         : Input : variable 'var7' <---> Output : variable 'var7'
                         : Input : variable 'var8' <---> Output : variable 'var8'
                         : Input : variable 'var9' <---> Output : variable 'var9'
                         : Input : variable 'var10' <---> Output : variable 'var10'
                         : Input : variable 'var11' <---> Output : variable 'var11'
                         : Input : variable 'var12' <---> Output : variable 'var12'
                         : Input : variable 'var13' <---> Output : variable 'var13'
                         : Input : variable 'var14' <---> Output : variable 'var14'
                         : Input : variable 'var15' <---> Output : variable 'var15'
                         : Input : variable 'var16' <---> Output : variable 'var16'
                         : Input : variable 'var17' <---> Output : variable 'var17'
                         : Input : variable 'var18' <---> Output : variable 'var18'
                         : Input : variable 'var19' <---> Output : variable 'var19'
                         : Input : variable 'var20' <---> Output : variable 'var20'
                         : Input : variable 'var21' <---> Output : variable 'var21'
                         : Input : variable 'var22' <---> Output : variable 'var22'
                         : Input : variable 'var23' <---> Output : variable 'var23'
                         : Input : variable 'var24' <---> Output : variable 'var24'
                         : Input : variable 'var25' <---> Output : variable 'var25'
                         : Input : variable 'var26' <---> Output : variable 'var26'
                         : Input : variable 'var27' <---> Output : variable 'var27'
                         : Input : variable 'var28' <---> Output : variable 'var28'
                         : Input : variable 'var29' <---> Output : variable 'var29'
                         : Input : variable 'var30' <---> Output : variable 'var30'
                         : Input : variable 'var31' <---> Output : variable 'var31'
                         : Input : variable 'var32' <---> Output : variable 'var32'
                         : Input : variable 'var33' <---> Output : variable 'var33'
                         : Input : variable 'var34' <---> Output : variable 'var34'
                         : Input : variable 'var35' <---> Output : variable 'var35'
                         : Input : variable 'var36' <---> Output : variable 'var36'
                         : Input : variable 'var37' <---> Output : variable 'var37'
                         : Input : variable 'var38' <---> Output : variable 'var38'
                         : Input : variable 'var39' <---> Output : variable 'var39'
                         : Input : variable 'var40' <---> Output : variable 'var40'
                         : Input : variable 'var41' <---> Output : variable 'var41'
                         : Input : variable 'var42' <---> Output : variable 'var42'
                         : Input : variable 'var43' <---> Output : variable 'var43'
                         : Input : variable 'var44' <---> Output : variable 'var44'
                         : Input : variable 'var45' <---> Output : variable 'var45'
                         : Input : variable 'var46' <---> Output : variable 'var46'
                         : Input : variable 'var47' <---> Output : variable 'var47'
                         : Input : variable 'var48' <---> Output : variable 'var48'
                         : Input : variable 'var49' <---> Output : variable 'var49'
                         : Input : variable 'var50' <---> Output : variable 'var50'
Factory                  : Booking method: ←[1mBDT←[0m
                         :
                         : Rebuilding Dataset dataset_mega
                         : Building event vectors for type 2 Signal
                         : Dataset[dataset_mega] :  create input formulas for tree signal
                         : Building event vectors for type 2 Background
                         : Dataset[dataset_mega] :  create input formulas for tree background
DataSetFactory           : [dataset_mega] : Number of events in input trees
                         :
                         :
                         : Dataset[dataset_mega] : Weight renormalisation mode: "EqualNumEvents": renormalises all event classes ...
                         : Dataset[dataset_mega] :  such that the effective (weighted) number of events in each class is the same
                         : Dataset[dataset_mega] :  (and equals the number of events (entries) given for class=0 )
                         : Dataset[dataset_mega] : ... i.e. such that Sum[i=1..N_j]{w_i} = N_classA, j=classA, classB, ...
                         : Dataset[dataset_mega] : ... (note that N_j is the sum of TRAINING events
                         : Dataset[dataset_mega] :  ..... Testing events are not renormalised nor included in the renormalisation factor!)
                         : Number of training and testing events
                         : ---------------------------------------------------------------------------
                         : Signal     -- training events            : 15750
                         : Signal     -- testing events             : 2500
                         : Signal     -- training and testing events: 18250
                         : Background -- training events            : 44283
                         : Background -- testing events             : 2500
                         : Background -- training and testing events: 46783
                         :
DataSetInfo              : Correlation matrix (Signal):
                         : ------------------------------------------------------------------------------------------------------------------------------------------------------------------------------------------------------------------------------------------------------------------------------------------------------------------------------------------------------------------------------------------------------------------------
                         :             var1    var2    var3    var4    var5    var6    var7    var8    var9   var10   var11   var12   var13   var14   var15   var16   var17   var18   var19   var20   var21   var22   var23   var24   var25   var26   var27   var28   var29   var30   var31   var32   var33   var34   var35   var36   var37   var38   var39   var40   var41   var42   var43   var44   var45   var46   var47   var48   var49   var50
                         :    var1:  +1.000  +0.997  +0.042  +0.998  +0.998  +0.998  +0.997  +0.998  +0.998  +0.998  +0.998  +0.099  +0.996  +0.998  +0.993  +0.005  +0.995  +0.319  +0.998  +0.998  +0.992  +0.998  +0.088  +0.989  +0.998  +0.994  +0.143  +0.999  +0.998  +0.998  +0.994  +0.998  +0.997  +0.157  +0.998  +0.998  +0.991  +0.996  +0.998  +0.998  +0.394  +0.383  +0.994  +0.973  +0.998  +0.998  +0.997  +0.997  +0.998  +0.998
                         :    var2:  +0.997  +1.000  +0.024  +0.998  +0.998  +0.997  +0.997  +0.998  +0.998  +0.998  +0.998  +0.110  +0.995  +0.997  +0.991  -0.018  +0.994  +0.303  +0.998  +0.998  +0.994  +0.998  +0.062  +0.994  +0.998  +0.995  +0.118  +0.998  +0.998  +0.996  +0.988  +0.998  +0.997  +0.160  +0.998  +0.998  +0.994  +0.996  +0.997  +0.998  +0.352  +0.367  +0.997  +0.975  +0.998  +0.998  +0.998  +0.993  +0.996  +0.998
                         :    var3:  +0.042  +0.024  +1.000  +0.041  +0.040  +0.034  +0.039  +0.041  +0.037  +0.039  +0.037  -0.310  +0.045  +0.042  +0.071  +0.329  +0.053  +0.278  +0.040  +0.039  +0.024  +0.041  +0.370  +0.007  +0.040  +0.040  +0.260  +0.041  +0.040  +0.044  +0.064  +0.036  +0.048  +0.127  +0.040  +0.039  +0.036  +0.051  +0.043  +0.041  +0.153  +0.011  +0.030  +0.010  +0.040  +0.042  +0.033  +0.046  +0.034  +0.040
                         :    var4:  +0.998  +0.998  +0.041  +1.000  +1.000  +1.000  +1.000  +1.000  +1.000  +1.000  +1.000  +0.108  +0.999  +1.000  +0.997  +0.031  +0.999  +0.317  +1.000  +0.999  +0.995  +1.000  +0.104  +0.993  +1.000  +0.997  +0.127  +1.000  +1.000  +0.999  +0.991  +1.000  +0.999  +0.154  +1.000  +1.000  +0.996  +0.996  +1.000  +1.000  +0.384  +0.379  +0.996  +0.975  +1.000  +1.000  +0.999  +0.994  +0.996  +1.000
                         :    var5:  +0.998  +0.998  +0.040  +1.000  +1.000  +1.000  +1.000  +1.000  +1.000  +1.000  +1.000  +0.108  +0.999  +1.000  +0.997  +0.031  +0.999  +0.316  +1.000  +0.999  +0.995  +1.000  +0.105  +0.993  +1.000  +0.997  +0.127  +1.000  +1.000  +0.999  +0.991  +1.000  +0.999  +0.154  +1.000  +1.000  +0.996  +0.996  +1.000  +1.000  +0.384  +0.380  +0.996  +0.975  +1.000  +1.000  +0.999  +0.994  +0.996  +1.000
                         :    var6:  +0.998  +0.997  +0.034  +1.000  +1.000  +1.000  +1.000  +1.000  +1.000  +1.000  +1.000  +0.114  +0.999  +1.000  +0.997  +0.032  +0.999  +0.314  +1.000  +0.999  +0.995  +1.000  +0.104  +0.994  +1.000  +0.997  +0.123  +1.000  +1.000  +0.999  +0.991  +1.000  +0.998  +0.151  +1.000  +1.000  +0.997  +0.996  +1.000  +1.000  +0.385  +0.381  +0.996  +0.975  +1.000  +1.000  +0.999  +0.994  +0.996  +1.000
                         :    var7:  +0.997  +0.997  +0.039  +1.000  +1.000  +1.000  +1.000  +1.000  +0.999  +1.000  +0.999  +0.106  +0.999  +1.000  +0.997  +0.031  +0.998  +0.316  +1.000  +0.999  +0.995  +1.000  +0.106  +0.993  +1.000  +0.997  +0.121  +0.999  +1.000  +0.999  +0.989  +0.999  +0.998  +0.158  +1.000  +1.000  +0.997  +0.996  +0.999  +1.000  +0.380  +0.384  +0.996  +0.974  +1.000  +1.000  +0.999  +0.993  +0.995  +1.000
                         :    var8:  +0.998  +0.998  +0.041  +1.000  +1.000  +1.000  +1.000  +1.000  +1.000  +1.000  +1.000  +0.107  +0.999  +1.000  +0.997  +0.033  +0.999  +0.317  +1.000  +0.999  +0.995  +1.000  +0.107  +0.993  +1.000  +0.997  +0.127  +1.000  +1.000  +0.999  +0.991  +1.000  +0.999  +0.156  +1.000  +1.000  +0.997  +0.996  +1.000  +1.000  +0.384  +0.380  +0.996  +0.975  +1.000  +1.000  +0.999  +0.994  +0.996  +1.000
                         :    var9:  +0.998  +0.998  +0.037  +1.000  +1.000  +1.000  +0.999  +1.000  +1.000  +1.000  +1.000  +0.114  +0.999  +1.000  +0.996  +0.024  +0.998  +0.318  +1.000  +0.999  +0.995  +1.000  +0.097  +0.994  +1.000  +0.997  +0.129  +1.000  +1.000  +0.998  +0.990  +0.999  +0.999  +0.152  +1.000  +1.000  +0.997  +0.997  +0.999  +1.000  +0.377  +0.374  +0.996  +0.978  +1.000  +1.000  +0.999  +0.994  +0.996  +1.000
                         :   var10:  +0.998  +0.998  +0.039  +1.000  +1.000  +1.000  +1.000  +1.000  +1.000  +1.000  +1.000  +0.109  +0.999  +1.000  +0.997  +0.030  +0.999  +0.315  +1.000  +0.999  +0.995  +1.000  +0.103  +0.994  +1.000  +0.997  +0.125  +1.000  +1.000  +0.999  +0.991  +1.000  +0.999  +0.154  +1.000  +1.000  +0.997  +0.996  +1.000  +1.000  +0.383  +0.379  +0.996  +0.975  +1.000  +1.000  +0.999  +0.994  +0.996  +1.000
                         :   var11:  +0.998  +0.998  +0.037  +1.000  +1.000  +1.000  +0.999  +1.000  +1.000  +1.000  +1.000  +0.115  +0.999  +1.000  +0.996  +0.025  +0.998  +0.314  +1.000  +0.999  +0.994  +1.000  +0.100  +0.994  +1.000  +0.996  +0.126  +1.000  +1.000  +0.999  +0.990  +0.999  +0.999  +0.149  +1.000  +1.000  +0.996  +0.996  +1.000  +1.000  +0.384  +0.379  +0.995  +0.977  +1.000  +1.000  +0.999  +0.994  +0.996  +1.000
                         :   var12:  +0.099  +0.110  -0.310  +0.108  +0.108  +0.114  +0.106  +0.107  +0.114  +0.109  +0.115  +1.000  +0.109  +0.111  +0.085  +0.018  +0.111  -0.159  +0.109  +0.107  +0.108  +0.107  -0.135  +0.158  +0.108  +0.089  -0.113  +0.107  +0.108  +0.106  +0.109  +0.110  +0.094  -0.826  +0.108  +0.110  +0.108  +0.074  +0.111  +0.107  +0.248  -0.064  +0.085  +0.173  +0.108  +0.106  +0.106  +0.089  +0.098  +0.108
                         :   var13:  +0.996  +0.995  +0.045  +0.999  +0.999  +0.999  +0.999  +0.999  +0.999  +0.999  +0.999  +0.109  +1.000  +0.999  +0.997  +0.055  +0.999  +0.320  +0.999  +0.998  +0.994  +0.999  +0.124  +0.992  +0.999  +0.996  +0.123  +0.999  +0.999  +0.998  +0.989  +0.999  +0.997  +0.151  +0.999  +0.999  +0.996  +0.994  +0.999  +0.999  +0.396  +0.386  +0.993  +0.973  +0.999  +0.999  +0.998  +0.991  +0.993  +0.999
                         :   var14:  +0.998  +0.997  +0.042  +1.000  +1.000  +1.000  +1.000  +1.000  +1.000  +1.000  +1.000  +0.111  +0.999  +1.000  +0.997  +0.035  +0.999  +0.318  +1.000  +0.999  +0.994  +1.000  +0.110  +0.993  +1.000  +0.996  +0.131  +1.000  +1.000  +0.999  +0.991  +0.999  +0.999  +0.151  +1.000  +1.000  +0.996  +0.996  +1.000  +1.000  +0.389  +0.378  +0.995  +0.976  +1.000  +1.000  +0.999  +0.994  +0.996  +1.000
                         :   var15:  +0.993  +0.991  +0.071  +0.997  +0.997  +0.997  +0.997  +0.997  +0.996  +0.997  +0.996  +0.085  +0.997  +0.997  +1.000  +0.105  +0.999  +0.341  +0.996  +0.995  +0.990  +0.997  +0.173  +0.986  +0.997  +0.994  +0.140  +0.996  +0.997  +0.996  +0.988  +0.996  +0.996  +0.172  +0.997  +0.996  +0.994  +0.992  +0.997  +0.997  +0.411  +0.388  +0.990  +0.968  +0.997  +0.997  +0.994  +0.989  +0.990  +0.997
                         :   var16:  +0.005  -0.018  +0.329  +0.031  +0.031  +0.032  +0.031  +0.033  +0.024  +0.030  +0.025  +0.018  +0.055  +0.035  +0.105  +1.000  +0.080  +0.287  +0.029  +0.020  +0.006  +0.031  +0.877  -0.011  +0.031  +0.021  +0.183  +0.026  +0.031  +0.038  +0.043  +0.023  +0.027  -0.093  +0.031  +0.028  +0.042  +0.009  +0.042  +0.030  +0.482  +0.095  -0.014  +0.001  +0.030  +0.032  +0.013  +0.001  -0.005  +0.030
                         :   var17:  +0.995  +0.994  +0.053  +0.999  +0.999  +0.999  +0.998  +0.999  +0.998  +0.999  +0.998  +0.111  +0.999  +0.999  +0.999  +0.080  +1.000  +0.324  +0.999  +0.998  +0.993  +0.999  +0.146  +0.991  +0.999  +0.996  +0.127  +0.998  +0.999  +0.998  +0.989  +0.998  +0.997  +0.147  +0.999  +0.999  +0.996  +0.993  +0.999  +0.999  +0.404  +0.388  +0.992  +0.972  +0.999  +0.999  +0.997  +0.991  +0.993  +0.999
                         :   var18:  +0.319  +0.303  +0.278  +0.317  +0.316  +0.314  +0.316  +0.317  +0.318  +0.315  +0.314  -0.159  +0.320  +0.318  +0.341  +0.287  +0.324  +1.000  +0.316  +0.307  +0.304  +0.316  +0.318  +0.284  +0.315  +0.314  +0.397  +0.315  +0.317  +0.310  +0.324  +0.305  +0.335  +0.285  +0.316  +0.314  +0.323  +0.345  +0.319  +0.316  +0.147  +0.064  +0.304  +0.312  +0.316  +0.317  +0.304  +0.304  +0.315  +0.315
                         :   var19:  +0.998  +0.998  +0.040  +1.000  +1.000  +1.000  +1.000  +1.000  +1.000  +1.000  +1.000  +0.109  +0.999  +1.000  +0.996  +0.029  +0.999  +0.316  +1.000  +0.999  +0.995  +1.000  +0.102  +0.993  +1.000  +0.997  +0.126  +1.000  +1.000  +0.999  +0.991  +1.000  +0.999  +0.154  +1.000  +1.000  +0.997  +0.996  +1.000  +1.000  +0.381  +0.378  +0.996  +0.976  +1.000  +1.000  +0.999  +0.994  +0.996  +1.000
                         :   var20:  +0.998  +0.998  +0.039  +0.999  +0.999  +0.999  +0.999  +0.999  +0.999  +0.999  +0.999  +0.107  +0.998  +0.999  +0.995  +0.020  +0.998  +0.307  +0.999  +1.000  +0.995  +0.999  +0.098  +0.993  +0.999  +0.997  +0.119  +0.999  +0.999  +0.999  +0.990  +1.000  +0.998  +0.151  +0.999  +0.999  +0.995  +0.995  +0.999  +0.999  +0.383  +0.390  +0.996  +0.972  +0.999  +0.999  +0.999  +0.994  +0.996  +0.999
                         :   var21:  +0.992  +0.994  +0.024  +0.995  +0.995  +0.995  +0.995  +0.995  +0.995  +0.995  +0.994  +0.108  +0.994  +0.994  +0.990  +0.006  +0.993  +0.304  +0.995  +0.995  +1.000  +0.995  +0.065  +0.993  +0.995  +0.997  +0.089  +0.995  +0.995  +0.995  +0.983  +0.995  +0.993  +0.155  +0.995  +0.995  +0.992  +0.990  +0.994  +0.995  +0.367  +0.401  +0.993  +0.962  +0.995  +0.995  +0.996  +0.990  +0.991  +0.995
                         :   var22:  +0.998  +0.998  +0.041  +1.000  +1.000  +1.000  +1.000  +1.000  +1.000  +1.000  +1.000  +0.107  +0.999  +1.000  +0.997  +0.031  +0.999  +0.316  +1.000  +0.999  +0.995  +1.000  +0.105  +0.993  +1.000  +0.997  +0.126  +1.000  +1.000  +0.999  +0.991  +1.000  +0.999  +0.155  +1.000  +1.000  +0.996  +0.996  +1.000  +1.000  +0.384  +0.380  +0.996  +0.975  +1.000  +1.000  +0.999  +0.994  +0.996  +1.000
                         :   var23:  +0.088  +0.062  +0.370  +0.104  +0.105  +0.104  +0.106  +0.107  +0.097  +0.103  +0.100  -0.135  +0.124  +0.110  +0.173  +0.877  +0.146  +0.318  +0.102  +0.098  +0.065  +0.105  +1.000  +0.048  +0.104  +0.095  +0.224  +0.100  +0.104  +0.114  +0.116  +0.099  +0.104  +0.064  +0.104  +0.101  +0.110  +0.093  +0.114  +0.105  +0.475  +0.237  +0.066  +0.063  +0.104  +0.106  +0.082  +0.082  +0.075  +0.104
                         :   var24:  +0.989  +0.994  +0.007  +0.993  +0.993  +0.994  +0.993  +0.993  +0.994  +0.994  +0.994  +0.158  +0.992  +0.993  +0.986  -0.011  +0.991  +0.284  +0.993  +0.993  +0.993  +0.993  +0.048  +1.000  +0.993  +0.992  +0.080  +0.993  +0.993  +0.991  +0.978  +0.994  +0.990  +0.113  +0.993  +0.994  +0.992  +0.986  +0.992  +0.993  +0.350  +0.364  +0.991  +0.971  +0.993  +0.993  +0.994  +0.985  +0.989  +0.993
                         :   var25:  +0.998  +0.998  +0.040  +1.000  +1.000  +1.000  +1.000  +1.000  +1.000  +1.000  +1.000  +0.108  +0.999  +1.000  +0.997  +0.031  +0.999  +0.315  +1.000  +0.999  +0.995  +1.000  +0.104  +0.993  +1.000  +0.997  +0.126  +1.000  +1.000  +0.999  +0.991  +1.000  +0.999  +0.154  +1.000  +1.000  +0.996  +0.996  +1.000  +1.000  +0.384  +0.380  +0.996  +0.975  +1.000  +1.000  +0.999  +0.994  +0.996  +1.000
                         :   var26:  +0.994  +0.995  +0.040  +0.997  +0.997  +0.997  +0.997  +0.997  +0.997  +0.997  +0.996  +0.089  +0.996  +0.996  +0.994  +0.021  +0.996  +0.314  +0.997  +0.997  +0.997  +0.997  +0.095  +0.992  +0.997  +1.000  +0.106  +0.997  +0.997  +0.997  +0.986  +0.997  +0.995  +0.164  +0.997  +0.997  +0.994  +0.993  +0.996  +0.997  +0.368  +0.395  +0.995  +0.961  +0.997  +0.997  +0.998  +0.992  +0.993  +0.997
                         :   var27:  +0.143  +0.118  +0.260  +0.127  +0.127  +0.123  +0.121  +0.127  +0.129  +0.125  +0.126  -0.113  +0.123  +0.131  +0.140  +0.183  +0.127  +0.397  +0.126  +0.119  +0.089  +0.126  +0.224  +0.080  +0.126  +0.106  +1.000  +0.129  +0.127  +0.123  +0.171  +0.115  +0.148  +0.141  +0.126  +0.124  +0.120  +0.159  +0.131  +0.127  +0.170  -0.118  +0.115  +0.153  +0.127  +0.129  +0.111  +0.142  +0.135  +0.126
                         :   var28:  +0.999  +0.998  +0.041  +1.000  +1.000  +1.000  +0.999  +1.000  +1.000  +1.000  +1.000  +0.107  +0.999  +1.000  +0.996  +0.026  +0.998  +0.315  +1.000  +0.999  +0.995  +1.000  +0.100  +0.993  +1.000  +0.997  +0.129  +1.000  +1.000  +0.999  +0.993  +1.000  +0.999  +0.152  +1.000  +1.000  +0.995  +0.996  +1.000  +1.000  +0.390  +0.379  +0.996  +0.974  +1.000  +1.000  +0.999  +0.995  +0.997  +1.000
                         :   var29:  +0.998  +0.998  +0.040  +1.000  +1.000  +1.000  +1.000  +1.000  +1.000  +1.000  +1.000  +0.108  +0.999  +1.000  +0.997  +0.031  +0.999  +0.317  +1.000  +0.999  +0.995  +1.000  +0.104  +0.993  +1.000  +0.997  +0.127  +1.000  +1.000  +0.999  +0.991  +1.000  +0.999  +0.155  +1.000  +1.000  +0.997  +0.996  +1.000  +1.000  +0.383  +0.378  +0.996  +0.976  +1.000  +1.000  +0.999  +0.994  +0.996  +1.000
                         :   var30:  +0.998  +0.996  +0.044  +0.999  +0.999  +0.999  +0.999  +0.999  +0.998  +0.999  +0.999  +0.106  +0.998  +0.999  +0.996  +0.038  +0.998  +0.310  +0.999  +0.999  +0.995  +0.999  +0.114  +0.991  +0.999  +0.997  +0.123  +0.999  +0.999  +1.000  +0.992  +0.999  +0.997  +0.147  +0.999  +0.999  +0.994  +0.994  +0.999  +0.999  +0.408  +0.398  +0.994  +0.970  +0.999  +0.999  +0.998  +0.995  +0.996  +0.999
                         :   var31:  +0.994  +0.988  +0.064  +0.991  +0.991  +0.991  +0.989  +0.991  +0.990  +0.991  +0.990  +0.109  +0.989  +0.991  +0.988  +0.043  +0.989  +0.324  +0.991  +0.990  +0.983  +0.991  +0.116  +0.978  +0.991  +0.986  +0.171  +0.993  +0.991  +0.992  +1.000  +0.990  +0.990  +0.126  +0.991  +0.991  +0.981  +0.988  +0.991  +0.991  +0.432  +0.352  +0.986  +0.963  +0.991  +0.991  +0.990  +0.994  +0.991  +0.991
                         :   var32:  +0.998  +0.998  +0.036  +1.000  +1.000  +1.000  +0.999  +1.000  +0.999  +1.000  +0.999  +0.110  +0.999  +0.999  +0.996  +0.023  +0.998  +0.305  +1.000  +1.000  +0.995  +1.000  +0.099  +0.994  +1.000  +0.997  +0.115  +1.000  +1.000  +0.999  +0.990  +1.000  +0.998  +0.148  +1.000  +1.000  +0.995  +0.995  +0.999  +1.000  +0.386  +0.390  +0.996  +0.972  +1.000  +1.000  +0.999  +0.994  +0.996  +1.000
                         :   var33:  +0.997  +0.997  +0.048  +0.999  +0.999  +0.998  +0.998  +0.999  +0.999  +0.999  +0.999  +0.094  +0.997  +0.999  +0.996  +0.027  +0.997  +0.335  +0.999  +0.998  +0.993  +0.999  +0.104  +0.990  +0.999  +0.995  +0.148  +0.999  +0.999  +0.997  +0.990  +0.998  +1.000  +0.173  +0.999  +0.999  +0.996  +0.999  +0.998  +0.999  +0.369  +0.366  +0.995  +0.977  +0.999  +0.999  +0.997  +0.993  +0.995  +0.999
                         :   var34:  +0.157  +0.160  +0.127  +0.154  +0.154  +0.151  +0.158  +0.156  +0.152  +0.154  +0.149  -0.826  +0.151  +0.151  +0.172  -0.093  +0.147  +0.285  +0.154  +0.151  +0.155  +0.155  +0.064  +0.113  +0.154  +0.164  +0.141  +0.152  +0.155  +0.147  +0.126  +0.148  +0.173  +1.000  +0.155  +0.152  +0.168  +0.198  +0.150  +0.155  -0.336  +0.092  +0.182  +0.129  +0.154  +0.156  +0.155  +0.153  +0.161  +0.154
                         :   var35:  +0.998  +0.998  +0.040  +1.000  +1.000  +1.000  +1.000  +1.000  +1.000  +1.000  +1.000  +0.108  +0.999  +1.000  +0.997  +0.031  +0.999  +0.316  +1.000  +0.999  +0.995  +1.000  +0.104  +0.993  +1.000  +0.997  +0.126  +1.000  +1.000  +0.999  +0.991  +1.000  +0.999  +0.155  +1.000  +1.000  +0.997  +0.996  +1.000  +1.000  +0.383  +0.379  +0.996  +0.975  +1.000  +1.000  +0.999  +0.994  +0.996  +1.000
                         :   var36:  +0.998  +0.998  +0.039  +1.000  +1.000  +1.000  +1.000  +1.000  +1.000  +1.000  +1.000  +0.110  +0.999  +1.000  +0.996  +0.028  +0.999  +0.314  +1.000  +0.999  +0.995  +1.000  +0.101  +0.994  +1.000  +0.997  +0.124  +1.000  +1.000  +0.999  +0.991  +1.000  +0.999  +0.152  +1.000  +1.000  +0.996  +0.996  +1.000  +1.000  +0.382  +0.379  +0.996  +0.975  +1.000  +1.000  +0.999  +0.994  +0.996  +1.000
